[gd_scene load_steps=4 format=3 uid="uid://mhub7hp28fwg"]

[ext_resource type="PackedScene" uid="uid://cscpcll7v3oqy" path="res://levels/base_level.tscn" id="1_v2aq7"]
[ext_resource type="PackedScene" uid="uid://b8v2khjncm8uk" path="res://platforms/cola.tscn" id="2_gnv6v"]
[ext_resource type="PackedScene" uid="uid://bei7yjrucstgw" path="res://platforms/club_mate.tscn" id="3_6arwr"]

[node name="BaseLevel" instance=ExtResource("1_v2aq7")]

[node name="Cola" parent="Obstacles" index="0" instance=ExtResource("2_gnv6v")]
transform = Transform3D(-0.19509, 0, 0.980785, 0, 1, 0, -0.980785, 0, -0.19509, -6.68503, -1.15874, 0)

[node name="Cola2" parent="Obstacles" index="1" instance=ExtResource("2_gnv6v")]
transform = Transform3D(0.229965, 0, -0.973199, 0, 1, 0, 0.973199, 0, 0.229965, 2.76314, -1.23514, 0)

[node name="Cola3" parent="Obstacles" index="2" instance=ExtResource("2_gnv6v")]
transform = Transform3D(0.229965, 0, -0.973199, -0.973199, -4.37114e-08, -0.229965, -4.25399e-08, 1, -1.00521e-08, 5.69182, -0.203734, 0)

[node name="Cola4" parent="Obstacles" index="3" instance=ExtResource("2_gnv6v")]
transform = Transform3D(0.229965, 0, -0.973199, -0.973199, -4.37114e-08, -0.229965, -4.25399e-08, 1, -1.00521e-08, 5.79285, 4.32247, 0)

[node name="Cola5" parent="Obstacles" index="4" instance=ExtResource("2_gnv6v")]
transform = Transform3D(0.229965, 0, -0.973199, -0.973199, -4.37114e-08, -0.229965, -4.25399e-08, 1, -1.00521e-08, 7.49018, 3.17072, 0)

[node name="ClubMate" parent="Obstacles" index="5" instance=ExtResource("3_6arwr")]
transform = Transform3D(-0.15995, 0, 0.987125, 0, 1, 0, -0.987125, 0, -0.15995, -4.22748, -2.64854, 0)

[node name="ClubMate2" parent="Obstacles" index="6" instance=ExtResource("3_6arwr")]
transform = Transform3D(-0.821428, 0, -0.570312, 0, 1, 0, 0.570312, 0, -0.821428, -2.21561, -2.64854, 0)

[node name="ClubMate3" parent="Obstacles" index="7" instance=ExtResource("3_6arwr")]
transform = Transform3D(-0.821428, 0, -0.570312, -0.570312, -4.37114e-08, 0.821428, -2.49291e-08, 1, 3.59058e-08, 8.18756, -0.165534, 0)

[node name="ClubMate4" parent="Obstacles" index="8" instance=ExtResource("3_6arwr")]
transform = Transform3D(-0.821428, 0, -0.570312, -0.570312, -4.37114e-08, 0.821428, -2.49291e-08, 1, 3.59058e-08, 8.26839, -2.73173, 0)

[node name="Player" parent="." index="4"]
transform = Transform3D(1, 0, 0, 0, 1, 0, 0, 0, 1, -6.37943, 5.75222, 0)

[node name="Goal" parent="." index="5"]
transform = Transform3D(-4.37114e-08, 0, 1, 0, 1, 0, -1, 0, -4.37114e-08, 0.449712, -3.15788, 0)

[editable path="GameEndPopup"]
