[gd_scene load_steps=6 format=3 uid="uid://mhub7hp28fwg"]

[ext_resource type="PackedScene" uid="uid://cscpcll7v3oqy" path="res://levels/base_level.tscn" id="1_v2aq7"]
[ext_resource type="PackedScene" uid="uid://b8v2khjncm8uk" path="res://platforms/cola.tscn" id="2_gnv6v"]
[ext_resource type="PackedScene" uid="uid://bei7yjrucstgw" path="res://platforms/club_mate.tscn" id="3_6arwr"]
[ext_resource type="PackedScene" uid="uid://b7avn13w71ywo" path="res://platforms/switch.tscn" id="4_6arwr"]
[ext_resource type="PackedScene" uid="uid://bpdyttampjq4d" path="res://platforms/arrow_white.glb" id="5_55r7x"]

[node name="BaseLevel" instance=ExtResource("1_v2aq7")]

[node name="Cola" parent="Obstacles" index="0" instance=ExtResource("2_gnv6v")]
transform = Transform3D(-0.19509, 0, 0.980785, 0, 1, 0, -0.980785, 0, -0.19509, -6.68503, -1.15874, 0)

[node name="Cola3" parent="Obstacles" index="1" instance=ExtResource("2_gnv6v")]
transform = Transform3D(-0.19509, 0, 0.980785, 0, 1, 0, -0.980785, 0, -0.19509, -6.65346, 5.52636, 0)

[node name="Cola6" parent="Obstacles" index="2" instance=ExtResource("2_gnv6v")]
transform = Transform3D(-0.19509, 0, 0.980785, 0, 1, 0, -0.980785, 0, -0.19509, -6.60983, 12.3753, 0)

[node name="Cola18" parent="Obstacles" index="3" instance=ExtResource("2_gnv6v")]
transform = Transform3D(-0.19509, 0, 0.980785, 0, 1, 0, -0.980785, 0, -0.19509, -1.28769, 19.3988, 0)

[node name="Cola8" parent="Obstacles" index="4" instance=ExtResource("2_gnv6v")]
transform = Transform3D(8.52767e-09, 1, -4.28715e-08, 0.0178539, -4.30169e-08, -0.999841, -0.999841, 7.76089e-09, -0.0178539, -11.8278, -8.22226, 0)

[node name="Cola7" parent="Obstacles" index="5" instance=ExtResource("2_gnv6v")]
transform = Transform3D(-0.0161279, -0.428951, 0.903184, -0.00765842, 0.903328, 0.428883, -0.999841, 7.76089e-09, -0.0178539, -19.0042, 5.11348, 0)

[node name="Cola10" parent="Obstacles" index="6" instance=ExtResource("2_gnv6v")]
transform = Transform3D(0.0157612, 0.469765, -0.882651, 0.0083871, -0.882792, -0.46969, -0.999841, 8.18153e-09, -0.0178539, -20.8025, 10.9193, 0)

[node name="Cola2" parent="Obstacles" index="7" instance=ExtResource("2_gnv6v")]
transform = Transform3D(0.229965, 0, -0.973199, 0, 1, 0, 0.973199, 0, 0.229965, 2.76314, -1.23514, 0)

[node name="Cola4" parent="Obstacles" index="8" instance=ExtResource("2_gnv6v")]
transform = Transform3D(-0.157214, -0.729816, 0.665321, 0.167832, -0.683643, -0.710257, 0.973199, 0, 0.229965, 7.12772, 5.63503, 0)

[node name="Cola5" parent="Obstacles" index="9" instance=ExtResource("2_gnv6v")]
transform = Transform3D(-0.157214, -0.729816, 0.665321, 0.167832, -0.683643, -0.710257, 0.973199, 0, 0.229965, 11.4712, 7.66933, 0)

[node name="Cola14" parent="Obstacles" index="10" instance=ExtResource("2_gnv6v")]
transform = Transform3D(0.150452, 0.756287, -0.636705, -0.17392, 0.654239, 0.736018, 0.973199, 0, 0.229965, 6.05225, 2.37861, 0)

[node name="Cola11" parent="Obstacles" index="11" instance=ExtResource("2_gnv6v")]
transform = Transform3D(-0.157214, -0.729816, 0.665321, 0.167832, -0.683643, -0.710257, 0.973199, 0, 0.229965, 11.7461, 10.6933, 0)

[node name="Cola12" parent="Obstacles" index="12" instance=ExtResource("2_gnv6v")]
transform = Transform3D(-0.157214, -0.729816, 0.665321, 0.167832, -0.683643, -0.710257, 0.973199, 0, 0.229965, 16.1446, 12.4527, 0)

[node name="Cola13" parent="Obstacles" index="13" instance=ExtResource("2_gnv6v")]
transform = Transform3D(-0.157214, -0.729816, 0.665321, 0.167832, -0.683643, -0.710257, 0.973199, 0, 0.229965, 16.4745, 15.5041, 0)

[node name="Cola9" parent="Obstacles" index="14" instance=ExtResource("2_gnv6v")]
transform = Transform3D(0.229965, 0, -0.973199, -0.973199, -2.05796e-08, -0.229965, -4.25399e-08, 0.470806, -1.00521e-08, -3.00909, -3.38052, 0.157024)

[node name="Cola19" parent="Obstacles" index="15" instance=ExtResource("2_gnv6v")]
transform = Transform3D(0.229965, 0, -0.973199, -0.973199, -2.05796e-08, -0.229965, -4.25399e-08, 0.470806, -1.00521e-08, 2.21751, 14.7683, 0.157024)

[node name="Cola15" parent="Obstacles" index="16" instance=ExtResource("2_gnv6v")]
transform = Transform3D(0.229965, 0, -0.973199, -0.973199, -2.05796e-08, -0.229965, -4.25399e-08, 0.470806, -1.00521e-08, -10.1504, -0.151607, 0.157024)

[node name="Cola17" parent="Obstacles" index="17" instance=ExtResource("2_gnv6v")]
transform = Transform3D(0.229965, 0, -0.973199, -0.973199, -2.05796e-08, -0.229965, -4.25399e-08, 0.470806, -1.00521e-08, -14.7227, 1.75746, 0.157024)

[node name="Cola16" parent="Obstacles" index="18" instance=ExtResource("2_gnv6v")]
transform = Transform3D(0.229965, 0, -0.973199, -0.973199, -2.05796e-08, -0.229965, -4.25399e-08, 0.470806, -1.00521e-08, -11.9652, 0.178354, 0.157024)

[node name="ClubMate" parent="Obstacles" index="19" instance=ExtResource("3_6arwr")]
transform = Transform3D(-0.15995, 0, 0.987125, 0, 1, 0, -0.987125, 0, -0.15995, 10.008, -6.01887, 0)

[node name="ClubMate17" parent="Obstacles" index="20" instance=ExtResource("3_6arwr")]
transform = Transform3D(-0.11776, 0.676735, 0.726748, 0.108244, 0.736227, -0.668022, -0.987125, 0, -0.15995, 1.38253, 11.2, 0)

[node name="ClubMate4" parent="Obstacles" index="21" instance=ExtResource("3_6arwr")]
transform = Transform3D(-0.13482, -0.538094, 0.832033, -0.0860683, 0.842885, 0.531166, -0.987125, 0, -0.15995, -2.38122, 24.2126, 0)

[node name="ClubMate2" parent="Obstacles" index="22" instance=ExtResource("3_6arwr")]
transform = Transform3D(-0.821414, 0.00579446, -0.570303, 0.00475973, 0.999983, 0.00330465, 0.570312, 0, -0.821428, 7.16474, -5.94816, 0)

[node name="ClubMate16" parent="Obstacles" index="23" instance=ExtResource("3_6arwr")]
transform = Transform3D(-0.615688, -0.661966, -0.427468, -0.543758, 0.749534, -0.377527, 0.570312, 0, -0.821428, 15.3431, 17.9977, 0)

[node name="ClubMate3" parent="Obstacles" index="24" instance=ExtResource("3_6arwr")]
transform = Transform3D(-0.821428, 0, -0.570312, 0, 1, 0, 0.570312, 0, -0.821428, -1.21108, 11.1525, 0)

[node name="ClubMate5" parent="Obstacles" index="25" instance=ExtResource("3_6arwr")]
transform = Transform3D(3.59058e-08, 1, 2.49291e-08, 0.999362, -3.49929e-08, -0.0357016, -0.0357017, 2.61951e-08, -0.999362, -13.2018, -5.29106, 0)

[node name="ClubMate7" parent="Obstacles" index="26" instance=ExtResource("3_6arwr")]
transform = Transform3D(3.59058e-08, 1, 2.49291e-08, 0.999362, -3.49929e-08, -0.0357016, -0.0357017, 2.61951e-08, -0.999362, -12.3298, 2.13309, 0)

[node name="ClubMate6" parent="Obstacles" index="27" instance=ExtResource("3_6arwr")]
transform = Transform3D(-0.707317, -2.09401e-08, 0.706897, 0.706897, -3.7847e-09, 0.707316, -2.49291e-08, 0.486816, 3.59058e-08, 0.760822, -3.41493, -0.540289)

[node name="ClubMate18" parent="Obstacles" index="28" instance=ExtResource("3_6arwr")]
transform = Transform3D(-0.707317, -2.09401e-08, 0.706897, 0.706897, -3.7847e-09, 0.707316, -2.49291e-08, 0.486816, 3.59058e-08, 0.728756, 13.3551, -0.540289)

[node name="ClubMate19" parent="Obstacles" index="29" instance=ExtResource("3_6arwr")]
transform = Transform3D(-0.707317, -2.09401e-08, 0.706897, 0.706897, -3.7847e-09, 0.707316, -2.49291e-08, 0.486816, 3.59058e-08, 0.376041, 15.5355, -0.540289)

[node name="ClubMate8" parent="Obstacles" index="30" instance=ExtResource("3_6arwr")]
transform = Transform3D(-0.707317, -2.09401e-08, 0.706897, 0.706897, -3.7847e-09, 0.707316, -2.49291e-08, 0.486816, 3.59058e-08, -1.14824, -3.3678, -0.540289)

[node name="ClubMate9" parent="Obstacles" index="31" instance=ExtResource("3_6arwr")]
transform = Transform3D(-0.707317, -2.09401e-08, 0.706897, 0.706897, -3.7847e-09, 0.707316, -2.49291e-08, 0.486816, 3.59058e-08, -4.84853, -3.39137, -0.540289)

[node name="ClubMate10" parent="Obstacles" index="32" instance=ExtResource("3_6arwr")]
transform = Transform3D(-0.707317, -2.09401e-08, 0.706897, 0.706897, -3.7847e-09, 0.707316, -2.49291e-08, 0.486816, 3.59058e-08, -8.28957, 0.733163, -0.540289)

[node name="ClubMate11" parent="Obstacles" index="33" instance=ExtResource("3_6arwr")]
transform = Transform3D(-0.707317, -2.09401e-08, 0.706897, 0.706897, -3.7847e-09, 0.707316, -2.49291e-08, 0.486816, 3.59058e-08, -8.59596, -1.1052, -0.540289)

[node name="ClubMate12" parent="Obstacles" index="34" instance=ExtResource("3_6arwr")]
transform = Transform3D(-0.707317, -2.09401e-08, 0.706897, 0.706897, -3.7847e-09, 0.707316, -2.49291e-08, 0.486816, 3.59058e-08, -10.1986, -2.07151, -0.540289)

[node name="ClubMate13" parent="Obstacles" index="35" instance=ExtResource("3_6arwr")]
transform = Transform3D(-0.707317, -2.09401e-08, 0.706897, 0.706897, -3.7847e-09, 0.707316, -2.49291e-08, 0.486816, 3.59058e-08, -8.6431, -3.01426, -0.540289)

[node name="ClubMate14" parent="Obstacles" index="36" instance=ExtResource("3_6arwr")]
transform = Transform3D(-0.707317, -2.09401e-08, 0.706897, 0.706897, -3.7847e-09, 0.707316, -2.49291e-08, 0.486816, 3.59058e-08, -16.6093, 2.10015, -0.540289)

[node name="ClubMate15" parent="Obstacles" index="37" instance=ExtResource("3_6arwr")]
transform = Transform3D(-0.707317, -2.09401e-08, 0.706897, 0.706897, -3.7847e-09, 0.707316, -2.49291e-08, 0.486816, 3.59058e-08, -13.8046, 0.0496697, -0.540289)

[node name="Player" parent="." index="4"]
transform = Transform3D(1, 0, 0, 0, 1, 0, 0, 0, 1, -16.1849, 6.42044, 0)

[node name="Goal" parent="." index="5"]
transform = Transform3D(-4.37114e-08, 0, 1, 0, 1, 0, -1, 0, -4.37114e-08, 17.7248, 19.9629, 0)

[node name="Switch" parent="." index="7" instance=ExtResource("4_6arwr")]
transform = Transform3D(2.98023e-08, 0, 62.7076, 0, 59.8447, 0, -1, 0, 1.86883e-06, -7.29647, -24.2959, -21.7905)

[node name="arrow_white" parent="." index="8" instance=ExtResource("5_55r7x")]
transform = Transform3D(0.781803, -0.623525, 0, 0.623525, 0.781803, 0, 0, 0, 1, -12.4255, 12.1871, -3.00448)

[node name="arrow_white2" parent="." index="9" instance=ExtResource("5_55r7x")]
transform = Transform3D(0.916412, 0.400237, 0, -0.400237, 0.916412, 0, 0, 0, 1, -9.32164, 22.9744, -3.12899)

[node name="arrow_white3" parent="." index="10" instance=ExtResource("5_55r7x")]
transform = Transform3D(0.736546, -0.676388, 0, 0.676388, 0.736546, 0, 0, 0, 1, 2.33059, 5.92852, -3.10778)

[editable path="GameEndPopup"]
